Solucion:
Valor Objetivo Z = 7762.157142857143
Asignacion de Variables
x1 = 0.0
x2 = 0.0
x3 = 0.0
x4 = 0.0
x5 = 19.138655462184875
x6 = 0.6205882352941186
x7 = 0.0
x8 = 0.0
x9 = 0.0
x10 = 0.0
x11 = 0.0
x12 = 0.0
x13 = 0.0
x14 = 0.0
x15 = 0.0
Tiempo de ejecución: 0:00:00.005004
