Solucion:
Valor Objetivo Z = 581.5789289411192
Asignacion de Variables
x1 = 1.143251841929
x2 = 0.0
x3 = 0.0
x4 = 0.0
x5 = 0.0
x6 = 0.0
x7 = 0.0
x8 = 0.0
x9 = 0.0
x10 = 1.788421725628691
x11 = 0.0
x12 = 3.294586859891619
x13 = 5.702498021068017
x14 = 0.0
x15 = 0.0
x16 = 0.0
x17 = 0.0
x18 = 0.0
x19 = 0.0
x20 = 0.4527872495889857
x21 = 0.0
x22 = 0.0
Tiempo de ejecución: 0:00:00.005005
